@SPECIES

TOT	21	11	10
+GENE	21	11	10
-GENE	0	0	0




@GENES

TOT	469286	224856	244430

AV	22347	20441.5	24443
MIN	18288	18288	20744
MAX	33226	22378	33226

+ADJ	416383	215328	201055
-ADJ	52903	9528	43375



@ADJACENCIES

TOT	404823	212690	192133

EXT	#0	21665	21627	Mus_musculus
EXT	#1	22378	22309	Rattus_norvegicus
EXT	#3	21324	20662	Macaca_mulatta
EXT	#4	18288	18059	Pan_troglodytes
EXT	#5	19913	19874	Homo_sapiens
EXT	#7	19467	19414	Pongo_abelii
EXT	#11	20304	20211	Equus_caballus
EXT	#12	19852	19811	Bos_taurus
EXT	#13	21144	19894	Sus_scrofa
EXT	#17	20510	20499	Monodelphis_domestica
EXT	#19	20011	10330	Ornithorhynchus_anatinus
ANC	#2	20883	18094
ANC	#6	20744	19671
ANC	#8	22842	20805
ANC	#9	24360	20725
ANC	#10	28929	23940
ANC	#14	23159	19049
ANC	#15	26099	21929
ANC	#16	33226	25713
ANC	#18	22493	14244
ANC	#20	21695	7963

AV	19277.3	19335.5	19213.3
MIN	7963	10330	7963
MAX	25713	22309	25713

AV	1.72527	1.89179	1.57209
MIN	0	0	0
MAX	17	3	17

-ADJ	52903	9528	43375
ADJ=1	50653	5283	45370
ADJ=2	341632	210038	131594
ADJ>2	24098	7	24091

EXT	0	9528
EXT	1	5283
EXT	2	210038
EXT	3	7
ANC	0	43375
ANC	1	45370
ANC	2	131594
ANC	3	21201
ANC	4	2509
ANC	5	298
ANC	6	48
ANC	7	20
ANC	8	9
ANC	9	1
ANC	10	1
ANC	13	1
ANC	14	1
ANC	16	1
ANC	17	1

EXT	#0	3	70	21592
EXT	#1	44	50	22284
EXT	#3	569	186	20569
EXT	#4	168	123	17996	1
EXT	#5	9	60	19844
EXT	#7	0	106	19361
EXT	#11	36	114	20154
EXT	#12	8	66	19778
EXT	#13	800	901	19442	1
EXT	#17	0	22	20488
EXT	#19	7891	3585	8530	5
ANC	#2:	1625	3246	15153	804	51	4
ANC	#6:	1032	1824	16220	1595	72	1
ANC	#8:	2193	2732	15105	2592	208	12
ANC	#9:	3446	3667	14284	2668	270	22	1	1	1
ANC	#10:	4626	5650	14507	3478	580	69	16	3
ANC	#14:	3075	4490	13390	2024	152	23	3	1	1
ANC	#15:	3810	4770	13982	3099	382	43	9	2	2
ANC	#16:	6880	7004	14567	3963	699	89	13	9	1	1
ANC	#18:	5817	5888	9935	753	66	24	3	2	2	0	1	0	0	1	0	0	1
ANC	#20:	10871	6099	4451	225	29	11	3	2	2	0	0	0	0	0	1	0	0	1



@ADJACENCIES_CLASSES

2	5541
3	1741
4	1265
5	1066
6	1246
7	1731
8	2507
9	3426
10	3775
11	1854
12	275
13	94
14	62
15	71
16	70
17	71
18	64
19	80
20	87
21	56
22	23
23	16
24	9
25	8
26	10
27	5
28	9
29	10
30	5
31	9
32	7
33	7
34	3
35	4
37	3
38	1
39	4
40	3
41	3
42	4
43	2
45	1
47	2
49	1
50	2
52	1
53	1
59	1
60	2
61	1
63	1
65	2
72	1
73	2
78	1
85	1
114	1
157	1



@ADJACENCIES_TREES

TOT	57027

Adjacencies_classes_size
AV	2.25858
MIN	1
MAX	75

1	8370
2	9298
3	4280
4	1849
5	781
6	289
7	131
8	80
9	39
10	30
11	14
12	11
13	13
14	6
15	8
16	9
17	2
18	2
19	3
20	5
21	5
22	3
23	1
24	2
25	1
26	1
28	3
29	1
31	2
34	1
37	2
38	1
42	1
45	1
51	1
52	1
69	1
75	1

Adjacencies_trees_size
AV	8.95367
MIN	1
MAX	122

1	21946
3	5131
4	864
5	3118
6	613
7	1956
8	459
9	621
10	497
11	1679
12	809
13	1222
14	753
15	2194
16	1274
17	1933
18	1646
19	1839
20	1577
21	1501
22	1087
23	871
24	596
25	468
26	335
27	301
28	229
29	181
30	146
31	83
32	72
33	76
34	60
35	59
36	55
37	44
38	43
39	50
40	38
41	35
42	47
43	38
44	46
45	47
46	47
47	35
48	21
49	35
50	23
51	25
52	25
53	15
54	17
55	8
56	10
57	10
58	6
59	8
60	7
61	4
62	4
63	9
64	5
65	6
66	4
67	6
68	3
69	3
70	1
71	8
72	1
73	1
74	1
76	4
77	1
78	2
80	2
81	2
82	5
83	2
84	4
88	1
89	3
91	2
92	2
94	1
95	1
96	1
98	1
102	1
105	1
106	1
107	1
114	1
122	1

Extant_adjacencies_trees_size
AV	4.50769
MIN	1
MAX	43

1	21948
2	6885
3	3675
4	2340
5	1255
6	2872
7	1912
8	3891
9	4021
10	3527
11	2049
12	846
13	642
14	405
15	104
16	109
17	89
18	75
19	63
20	68
21	68
22	48
23	31
24	34
25	15
26	10
27	7
28	5
29	9
30	5
31	5
32	3
33	1
34	3
36	1
38	2
39	2
41	1
43	1



@EVOLUTION_EVENTS

CREA	42464 ; (nb_arbres_adj_tot - nb_classes= 31778)
BREAK	11397
GDUP	1328802 (compté par DeCo) ; 57184 (ds les arbres réconciliés) 57184 (pour les compter par espèces)
ADUP	7900
