Species_name	#G_tot	#G_0A	#G_1A	#G_2A	#G_>2A	#A_tot	#Chr	#Contig	P(Adj)	c0(0,0)	c0(1,0/0,1)	c0(1,1)	c1(0,0)	c1(1,0/0,1)	c1(1,1)	Base_log
Mus_musculus	21665	4	72	21589	0	21625	22	40	0.00576923	0.00448808	0.00223094	0.00111224	0.724503	0.857747	0.990991	181.65
Rattus_norvegicus	22378	44	50	22284	0	22309	22	69	0.00500853	0.00378831	0.00188457	0.000939914	0.731982	0.861734	0.991486	208.95
Macaca_mulatta	21324	590	172	20562	0	20648	22	676	0.000716634	0.00039381	0.000196764	9.83465e-05	0.803169	0.898258	0.993347	1464.75
Pan_troglodytes	18288	180	118	17990	0	18049	26	239	0.0018723	0.00118773	0.00059275	0.000296097	0.77329	0.882806	0.992322	560.7
Homo_sapiens	19913	9	60	19844	0	19874	25	39	0.00472335	0.00353183	0.00175749	0.000876661	0.734901	0.863246	0.991592	221.55
Pongo_abelii	19467	0	106	19361	0	19414	25	53	0.00507983	0.00385375	0.00191699	0.000956047	0.731416	0.861538	0.99166	205.8
Equus_caballus	20304	42	118	20144	0	20203	33	101	0.00336634	0.00236078	0.00117639	0.000587201	0.75013	0.870834	0.991538	311.85
Bos_taurus	19852	11	64	19777	0	19809	31	43	0.00332226	0.00232425	0.00115824	0.000578153	0.750676	0.8711	0.991524	316.05
Sus_scrofa	21144	882	882	19380	0	19821	21	1323	0.000372211	0.000187543	9.37366e-05	4.68596e-05	0.819394	0.906641	0.993889	2820.3
Monodelphis_domestica	20510	0	22	20488	0	20499	11	11	0	-0	-0	-0	inf	inf	inf	2
Ornithorhynchus_anatinus	20011	8270	3368	8373	0	10057	25	9954	5.01099e-05	2.01466e-05	1.00728e-05	5.03626e-06	0.855772	0.925435	0.995097	20953.8
